81
34473
724
427
26651
175
11171
187
25405
7367
941
863
8956
28568
32199
600
25459
162
1035
89148
6936
25493
20267
5367
8009
31992
3395
29585
25133
25071
20018
25859
270
78006
25281
13092
89129
26481
25331
6021
25823
4222
23768
480
19827
33766
2940
31
28909
25760
26682
94866
1991
26400
2648
25127
28173
371
1321
927
1624
306
4708
6546
26917
25393
7281
153
515
15300
554
27372
25799
26
425
32198
35520
1072
2059
26191
25107
13825
286
60
25987
27847
17419
25228
312
25651
25454
1130
9022
438
25449
3105
151
245
337
25337
26521
26720
462
843
44
28
907
25946
1154
878
25622
919
19104
21059
26554
25080
25829
1720
25821
106653
211
7261
27267
25271
27042
181
25093
5427
25154
524
1827
26752
25679
26196
26896
24259
25167
494
28408
27254
27273
28345
144689
26076
1828
25340
3840
222
25253
25581
25966
428
25816
30014
24684
25687
29252
26200
25155
97
25507
8034
26402
29293
25534
205469
723
25586
27032
971
12293
25219
10176
61696
26150
28849
26751
1239
31947
26894
26108
262
575
732
106574
19816
25881
25784
25654
1199
25158
313
48
18839
26005
28272
59317
215
10260
25400
27017
1089
8877
26228
25498
29107
25255
25121
27131
25514
13251
66
18874
28487
26207
25207
25467
25342
7901
460
125
29507
4182
27427
26253
15759
26154
28585
2786
34509
28357
481
143
28783
20366
1902
26695
98942
25094
23688
25180
25832
27266
27366
25171
27190
25856
1913
26407
26859
2987
974
89768
26231
27900
2628
28353
64
4499
26875
26748
347
29510
25099
70
26474
26155
27125
25156
1050
5352
182
29481
6937
27410
1257
27425
26890
10205
26508
3684
25864
27160
26671
1702
26214
810
266
325
25333
28409
27157
29706
27618
30699
29863
136
36358
226077
25510
29143
541
26434
25157
28464
26441
25882
25169
25266
28526
19811
2071
25825
3478
1137
148349
25098
28610
26680
27163
25560
25899
25354
29019
1359
28110
26893
25710
1118
364
128981
560
12243
224783
27395
123
26661
26711
26954
1078
4529
1446
25638
26278
158901
98533
29324
26989
241
26115
2892
6538
7779
26936
26224
26469
4130
5663
26931
36196
1226
26258
26219
26625
27435
25500
25558
1214
7255
28980
7351
2294
5966
503
27205
28259
76445
26361
8824
1059
360
30118
32186
226236
25232
1242
25332
25625
26462
938
8494
36548
421
39199
26357
35118
97475
27128
25917
141
27230
57758
6337
2568
26136
7391
25786
89398
1213
171499
26552
3759
33175
25834
93
25265
27699
26564
25276
2194
3404
26737
4780
25381
26157
26226
5000
26959
246
5717
25108
27337
35254
1443
27473
1472
26296
25850
450
25144
26746
847
26527
57
13704
27222
26794
25425
3900
10510
1634
2225
1489
153536
924
25930
27276
168698
4967
25912
26509
25208
25321
1794
2898
27053
1578
31878
27493
926
57555
27187
25211
148524
3926
1070
28469
26145
26922
10753
301
25708
210464
25113
3307
148387
5045
4039
165557
26442
26759
2815
28234
26250
25229
1924
26031
25089
197
698
25620
27218
3650
1034
45
25225
27362
148534
2456
1063
25087
3293
255
25272
25774
21921
1
27202
335
9037
1173
3067
27377
19948
25246
25105
6600
318
34934
28399
25632
1177
212066
26788
403
25284
733
1371
26386
5623
26863
16901
6597
4811
3300
1862
27105
25871
29655
27412
2166
25415
29400
57574
27224
26149
25606
26012
25273
25598
26413
1009
783
26408
25593
28970
148360
25084
153520
5085
108288
26526
38341
27124
4021
13188
33296
25742
25193
1946
576
26333
17979
26502
25123
148383
25826
28275
27780
276
25330
800
89017
3314
26229
25430
28132
1083
30478
1041
25240
89525
28239
27735
153602
16
28536
25801
214
141008
4088
28386
26817
2160
42
30379
148314
84263
198954
26072
608
181688
2034
25267
7583
25627
27145
10545
8120
6402
26939
26784
13638
25575
1075
25220
760
169784
2491
3880
28685
18534
25551
696
4497
149873
28963
444
1555
4853
26143
27505
9463
1605
1029
27869
36171
1336
32103
278623
27350
16553
133502
153369
26594
26446
25803
26165
14510
25550
27294
35830
4263
140
25303
30072
25789
365
108244
954
389
2532
153984
26158
872
29737
5008
685
62
28111
9097
27229
614
29040
27034
26667
25439
1001
123520
26431
5500
25847
28689
28179
186297
12215
10739
522
26592
25300
25611
26444
674
87474
1666
32099
1940
134
35241
2289
28554
6431
16795
26021
27957
25854
18342
794
26800
27589
28183
25464
25192
227
2246
26740
321
33774
28078
110251
21880
153493
148377
2296
25334
36930
25460
93444
963
26095
213509
2000
2063
27569
119
25503
362
28405
7972
27701
2583
171268
761
26023
731
3569
1355
26944
25886
108201
1643
5456
26128
26531
7924
148
108214
4170
1717
108261
5112
395
26328
38921
2564
26127
25810
25231
108293
25161
1954
25924
153294
89802
38
20126
2794
2988
92
2115
305
108236
2193
27938
208643
10496
239
26621
244266
13183
1822
60978
25079
48674
108241
28385
10569
987
27078
217845
32302
397
122744
171
32
5868
694
33323
410
25238
2550
25178
1743
25428
25356
2380
7750
29450
26038
25931
2450
210
29091
108233
27186
26482
52
1248
181182
25783
2856
26006
25619
14393
158347
167
340
108238
169007
29538
663
2625
1103
53
27108
184
32653
73
25744
1454
108319
57017
1168
102746
9615
18568
8792
4250
513
13705
121
398
141589
26696
736
6638
25644
29217
876
25656
2428
34749
25409
459
24069
30996
259
107480
315
32193
26027
21884
25956
61313
7633
16357
34380
7501
5151
26750
29377
1518
6718
153396
2370
27597
2563
210468
3597
5096
1839
26445
50607
28948
173
87739
1755
440
26114
26758
4705
27183
10486
25456
25702
226339
912
16320
4110
852
26785
2792
5318
2104
25311
877
25520
2972
5381
32316
29145
169300
7409
30378
34813
898
917
2992
6734
17461
25898
2105
79
25106
407
3787
29877
3923
220687
1628
26937
37788
28775
648
399
217
639
2331
4625
84400
29228
63463
665
737
28667
11258
27684
25659
254
26255
34865
32950
26223
25791
27835
214193
25818
918
153640
165417
2927
213515
27602
26771
50227
26358
1246
25868
28581
6212
845
28387
26745
4345
5411
989
62283
98072
3274
30013
29061
13639
155429
1455
135275
4714
29276
26212
25241
12039
402
26604
2858
15883
12674
1588
30362
27246
25658
25295
27907
25213
153332
593
388
27444
2742
27330
713
19585
21962
3878
26675
30270
239007
149
435
26463
32170
26356
570
234
169280
26760
30456
1477
148518
29619
8001
2613
521
6367
869
412
25862
26237
265
26694
3038
25896
62796
32192
28757
26953
6939
25173
153575
2909
16011
472
3468
3977
31386
10406
25189
1977
1681
3016
743
29550
86585
735
2717
57952
153877
2981
953
23691
2003
2755
1567
2320
25717
108310
26844
26079
25798
14050
3574
3527
28135
25652
27481
1176
26705
13012
29417
272165
31033
26581
4877
8989
271
2116
7922
152485
5962
25648
1333
27291
6442
2248
32100
1391
27184
29721
14
15209
2086
3857
1311
108711
9125
32773
28290
84656
24867
26688
2328
148065
60960
1978
25925
27886
598
32840
122173
25805
30641
8055
29880
390
27388
28146
82669
28257
546
30860
27174
47
1738
136223
25703
78
25811
28586
35801
13813
2474
3668
495
29177
6518
867
25408
25734
15613
233664
15973
1195
138087
4214
25715
21004
31793
39266
5451
1470
27
25728
26007
1233
26743
2004
34059
2878
1851
2582
153475
3587
27858
60174
12447
271559
27403
5873
27790
101348
29452
10600
32897
5509
3001
28603
1146
29096
27552
29382
170
873
25177
158889
3461
25076
4941
548
28779
3968
146891
25892
199008
169232
2619
10168
5633
3150
2200
25794
7000
148323
2778
27548
1287
611
20020
537
131
72298
33925
60723
29359
12614
30020
2151
22149
29060
8973
28466
26909
949
5812
35908
77664
4283
30622
1426
28398
165414
27871
5095
26051
27578
28403
27166
28876
5440
26803
11303
2807
27948
158172
3365
355
30413
1016
27141
7147
60784
627
3721
23479
659
6479
37477
3386
10801
4819
2396
6456
33100
25782
25165
32004
1054
29118
31790
804
145317
32277
26485
30766
928
28777
3580
3036
26767
104995
656
2068
1981
26473
11315
10238
4267
5624
28696
148393
21926
26948
153244
19
26220
21233
2387
12136
23766
154773
4598
2031
1927
416
26303
26813
25904
5813
37873
3516
108188
29629
26329
1546
1450
25200
1110
21442
3037
28945
29263
2240
447
4026
2445
169414
3825
4512
1974
903
27312
30794
57453
256160
27804
25476
2493
3233
4423
26877
34996
16807
1414
36906
5455
61141
28167
165373
30219
9561
2032
206037
98793
78176
226102
4586
701
485
59530
28665
5888
1633
29299
8968
14355
29792
833
115381
27662
26858
350
9733
49831
1476
153450
29812
4052
1519
6000
29621
12104
26633
242452
3323
32674
1818
129106
10512
368
28570
2257
443
2417
30614
28885
1900
26574
77792
27058
28285
3995
2065
5852
77056
5385
61144
165221
98906
86499
4218
32077
69328
37707
25301
25521
142
1003
27463
1107
25701
4500
904
5422
3202
7349
4017
4118
153466
4968
1653
2235
108257
27926
2481
213853
198909
1591
2836
35
4619
1444
6325
2971
32181
169732
25770
25170
4100
4072
221
908
3552
508
6550
1939
11638
16610
108249
27568
26410
2241
27798
4258
4893
6266
4479
97704
2470
29870
2102
27495
6318
1381
27351
164437
24382
1310
9144
20746
32818
6893
75902
4569
827
3677
1493
431
153485
3591
933
12664
19825
15723
4693
1629
4802
20148
135725
1360
157616
27899
10956
6474
26330
24041
4613
238723
32114
2025
238299
2103
27841
5985
108262
3506
28242
159809
25494
27925
5187
148547
1174
1220
20875
3343
6653
29185
148608
13447
27335
232
11032
159408
7027
27976
5493
662
33497
251704
7702
241988
27922
26346
5758
26320
27468
27397
2889
28797
28489
59946
3334
29492
26871
27324
7464
34842
27599
31944
29006
1865
27941
30662
916
46
219600
241131
3938
32417
28051
14386
4128
199853
2781
29255
5854
28920
36521
3122
2026
2261
2540
4375
225
34893
4450
4513
27694
4188
101864
25196
1965
3164
3177
2964
2419
29112
11312
27916
2533
25
34920
35417
5143
11370
35217
6014
27367
2113
1272
6012
501
29175
124
1193
62868
47733
26327
26126
14713
4172
1053
473
158
10116
32228
2288
36294
26344
36426
809
4925
253358
1741
6476
25776
3188
3406
2722
1349
4154
4221
2406
29808
5242
1636
1483
26483
2756
5488
11953
1320
146905
2662
12058
28055
98526
3292
14294
1952
26714
2808
1590
29301
28062
159369
25389
4219
148116
914
4487
3819
98186
26380
18569
4791
29374
27012
60741
5213
28807
76567
5214
123224
29476
6360
171212
25274
3696
1819
3426
29179
8290
2824
4402
2594
2669
1860
60731
31429
136083
4576
27323
4724
29258
20389
30507
29155
3297
153471
2603
5414
1301
30579
31601
5791
6270
6246
61042
30666
1891
19378
33002
1167
149092
3251
3158
27546
25462
6427
8381
5149
27353
29498
992
1091
8426
31717
153660
6930
9816
2334
43382
2848
27152
26538
2254
2424
57538
29744
108223
2789
15391
38359
15405
3517
35733
1753
8700
7844
5816
159643
636
29804
865
108190
1309
25768
90903
26820
25719
18259
20692
4838
6045
26147
496
159533
3051
3087
27071
4660
148567
241836
3943
39307
497
1700
24695
5982
34578
3043
38881
11830
5954
10672
16433
12967
7240
3306
122442
124393
268147
27381
27864
2250
27661
2242
193765
3198
228049
5744
25660
32551
1335
29224
15711
1625
146938
27253
89111
30336
27767
277233
35030
74762
75515
3708
199110
26629
4419
1686
27812
9622
10142
246887
186693
29437
25998
692
30826
2633
28748
2083
28099
3930
37581
47455
168734
985
1151
125338
148252
153389
2876
6572
31575
82842
63426
530
1479
30024
3639
11198
1550
188737
44765
251994
4524
4903
28402
2961
30619
5695
13213
137
148581
7033
30623
1896
32388
6928
2
5884
2287
3153
1823
1716
7149
1291
4185
544
2118
1942
148696
5452
3200
25911
1305
37371
26460
12118
25993
58054
2477
3538
716
4682
25446
31339
6785
6810
29969
25726
27212
8882
2637
29237
14296
28854
3431
29466
8679
3146
37520
43
4872
5261
31290
25972
2830
29491
2494
1339
45988
1348
3113
1408
1719
26089
284
6942
1554
982
12631
4145
30519
4464
582
211852
6058
28799
3075
148551
240503
3078
36440
97644
104642
112187
31263
7761
20635
722
4
25516
9430
7454
31121
1322
2422
272521
2192
2809
1784
6641
27564
164980
2458
138174
3419
4254
39534
8998
10788
206576
33559
4900
3231
299
1665
8156
153905
165506
162827
106
26322
4268
29645
6199
1844
9696
7107
1685
5725
7656
7059
33996
12880
4964
9925
2630
60768
4192
25910
673
6087
5598
15663
6124
8893
2707
2748
3454
32624
3326
4229
4303
4620
439
3204
25545
4063
5622
28348
3616
28847
678
1850
6537
29957
5188
35816
5039
27914
16386
3154
2757
32705
164759
7456
28383
6339
263017
99694
29521
5356
3173
31840
11447
2636
6996
3960
123209
3678
202422
153840
29824
19163
1543
3525
25487
171439
148929
29483
1256
10778
171149
31410
726
25118
187801
17962
1405
12916
32350
789
1648
2094
80049
3139
12777
1654
2304
13625
28030
2785
1494
1658
153511
9352
2990
114632
6063
796
4264
747
30765
857
277
26810
30913
2937
31647
2087
25915
58224
2463
36062
31671
11683
30969
4289
7299
5403
3486
7098
996
80
226097
4778
2459
32261
36827
11490
4492
164710
2567
6373
60956
196041
7008
28725
30540
8610
34928
271472
2779
458
28848
7886
1783
1739
322
3375
6981
3467
116335
27606
22350
7489
21435
13547
8677
604
27376
26109
2917
5245
226076
5910
5898
20945
31743
4482
88894
769
9189
11121
2208
28954
1687
11582
1297
6524
194528
7641
7703
26034
3024
1092
345
25438
7758
19374
29927
26719
6250
170247
13556
7407
34113
5511
3630
4737
6647
11848
3245
1346
10522
13907
209379
7180
28488
26645
29126
224734
7069
12393
12173
9829
5196
488
119270
121977
1773
1541
2957
2873
7842
4270
664
4374
14864
4472
3550
9227
1435
448
6978
1967
3316
6423
5178
16502
2837
1997
631
26194
5901
5893
28379
39069
13335
29305
5271
238205
2835
8437
32490
8880
5768
60298
3917
8093
3693
781
194456
3218
10480
11249
1019
6444
27755
165807
26055
7593
9233
2640
176460
2258
259192
3021
202669
27560
1241
26879
25736
4348
16797
26676
1501
4320
1014
4180
7631
16573
45949
12846
2499
3988
129179
4974
592
884
4123
6057
27526
153284
16167
202555
26042
7825
6777
327
115882
148621
1223
10237
1357
3610
2361
4727
4904
11093
3941
171670
7883
8317
26337
4155
28943
6223
6062
21485
31020
2215
2281
48159
170157
549
5475
6548
126524
3144
27695
7708
56959
8667
9760
25257
1066
1166
45130
8927
16018
57211
256448
272206
7375
56621
113619
15123
3109
148540
6630
15097
4773
2853
2776
212757
210008
5922
26355
2561
5279
99288
202634
34795
274039
10562
14475
4000
15493
2260
26612
20453
9
243833
4738
30418
31023
2134
273263
12048
10632
4898
12837
4279
10636
25721
937
12194
2977
1798
26860
5550
6098
39123
3437
5981
241937
148363
10026
76
5647
49664
28701
14733
4817
27336
6514
6868
2110
13537
28287
161014
31800
26587
9827
26826
3076
391
77216
8379
2312
14417
12649
9767
8435
25610
7233
11502
153277
25614
625
2297
3714
21255
12085
10103
1803
4772
7242
32400
12231
15382
239307
6348
26285
26299
272175
968
26512
168592
14284
12989
10856
78270
6128
26597
5260
9718
28061
15273
6813
7762
3091
1228
142208
28365
3464
2626
12513
33065
24828
4912
55643
188947
189396
32023
10730
213817
14624
8365
27332
27354
236290
8629
154911
4951
26656
204
204138
585
26613
6406
6052
35501
189692
10962
177780
29496
5912
22162
36032
34796
5860
23814
14211
148583
210366
5992
5832
12042
6969
2763
174728
94172
208347
3939
3385
201041
39541
28166
12311
165259
5579
624
13756
1724
17190
9494
8444
13866
153375
62154
1440
9092
142463
2356
7736
8346
1714
8269
7867
1854
6994
58417
27198
17955
28901
148753
209
15890
281
21350
25511
4765
1121
6508
11111
29403
24670
26310
25579
196313
10439
52833
805
1637
49314
5077
168960
11746
3522
119876
214677
28027
2606
15529
214641
28366
7436
9391
14021
28215
21830
167209
8302
1998
27561
8191
10224
22101
940
153841
26133
16332
12281
16292
4399
12438
7373
4260
4119
1788
5506
3674
17256
846
61930
216493
7258
7017
7848
52037
4475
27111
35370
12478
64575
220172
170044
4253
23845
38401
10317
203820
32401
200833
29640
25324
5589
69256
153330
13340
23119
12713
232741
27908
7821
107701
26044
4557
145263
115889
30772
943
34441
136472
21144
21958
28614
10077
30172
2850
8684
25073
27670
2869
11382
5309
114414
12193
11217
261289
11089
115879
14550
10405
32566
11475
21175
64327
28738
32557
43972
32256
5334
153879
13927
148395
5020
13983
13640
26545
27236
12200
27681
17424
27919
11664
1101
122382
28842
6959
11509
11329
5638
14305
8438
23917
1983
19051
2221
7529
14766
8006
3585
165375
8884
4465
77611
148557
78373
3498
32534
3877
23653
16636
269444
148338
16226
29184
3530
7389
49488
154915
5819
12530
8203
8145
26353
29799
25395
9448
33149
1781
4662
200061
12588
185681
251612
33156
21767
15429
8583
25731
3570
153714
50765
257948
60766
25895
22230
20734
69265
10523
7696
3680
11879
14408
9865
13056
217125
10489
33313
12226
26610
4153
45450
4256
214361
5315
7864
157686
15454
57767
8151
77907
13733
30865
27331
14788
27072
7793
16641
2234
148539
21082
185390
3631
21833
9730
5040
2348
153579
8452
188521
215237
2890
30643
9197
187328
32986
16388
272265
10580
14201
4439
26663
149452
3044
16250
9927
4251
198724
24999
37706
32904
29463
13742
2629
13519
174319
14719
28561
13505
28324
7788
165223
7038
44648
19136
148484
16381
14789
7125
26152
5890
60651
73867
5864
18038
1207
4220
125597
165108
130342
8668
77600
219040
219778
23351
31634
9187
29786
33501
133969
13523
15297
12954
148508
202661
20890
12183
229687
35097
238872
21550
28583
226590
32344
247444
8883
211576
138190
216781
271643
7490
30436
243146
63800
30919
8505
32828
4032
257558
39355
242532
242253
255201
36148
6652
3065
25682
32703
37142
1718
28339
26556
148367
31920
886
8623
25078
258127
25363
78139
57878
19593
1645
34
1036
26983
25136
39300
25959
148327
199
153810
366
920
226707
991
2269
8634
16274
27379
153909
233
16181
84
54860
27466
492
61050
27765
32095
28312
62165
6448
7990
26378
6870
25116
154435
153611
26173
7419
8455
336
581
25338
28455
25569
17821
25788
58555
17163
463
75314
164865
25764
26551
26991
38402
1876
202617
547
25941
4761
34008
26289
28942
88083
7623
27438
6917
7856
28602
25141
98122
1473
41
27272
28944
25608
26286
27404
28931
502
3734
165102
24
60726
7
19958
36465
25565
25326
89609
1158
25125
3452
135775
797
25976
19897
26105
1833
32944
97483
27345
25227
25929
33251
26778
13979
114
173964
27360
4102
62123
29638
28682
31316
283
4624
27300
26153
849
693
35427
67
348
25336
25885
3039
14517
25986
1071
754
19595
27179
2021
29371
26693
620
25663
288
26904
25754
9358
16982
26780
27280
32672
60184
26161
18636
26443
25322
27338
25555
8183
26979
25592
15
26411
17779
25138
42127
3019
2911
25162
9044
29043
100
319
35447
230
27579
25609
26769
1148
27440
27025
27656
25808
26164
30124
28979
2974
21437
28804
314
25101
139
802
27997
25427
5099
6368
11554
26522
5375
967
28759
89225
25785
25777
28453
25139
680
33135
77751
98223
1566
26177
37503
25792
7002
28426
25221
26437
27621
148468
25833
26532
148469
742
148428
148436
25450
29144
12677
1208
25407
39298
60321
26190
25242
13182
27303
77227
28560
27129
6022
3815
39261
25932
1731
26774
27044
30160
3887
1512
48484
1295
3007
36655
26189
1123
252140
31015
18057
23856
902
27683
4841
200
26452
27521
25505
148616
148299
35105
27978
26768
934
29097
32224
2738
61072
59513
33604
27650
25544
88099
31516
1651
29344
27712
1433
148422
26918
26146
1502
15445
2232
35310
29851
633
25855
148297
25129
6945
21325
25874
25689
6049
25151
26415
32521
28249
3322
8818
212
1080
9214
27031
26579
59557
5450
25573
26655
29525
26097
25182
3277
32180
262008
148600
25601
27637
89296
128886
1280
2571
27458
25346
27733
1815
26874
4139
27962
215690
1618
25186
26776
220964
13
90185
33569
25355
25629
25166
12850
380
27418
26525
33117
148350
290
29435
25185
148626
26770
6445
28669
25215
6282
148368
15245
6541
32945
9377
26796
504
25198
25132
58825
1142
1849
28431
14506
55177
171145
4269
25335
4562
25637
28835
27853
32394
25831
26170
110
26293
3450
33998
23748
96135
25491
26524
3945
5752
27576
25100
27112
3584
25583
28372
27168
1621
7995
27182
25927
25371
25814
1252
8727
26915
4391
26732
62212
153930
2397
27506
31518
27713
3556
235744
1474
468
718
99811
25471
26516
28318
26510
4521
2704
3428
26486
28733
2383
25730
25922
26096
27181
129298
352
28525
28624
35338
59260
154580
28908
25657
6155
77386
148289
25410
29410
1031
8194
37149
22574
26028
25230
25836
27384
15004
26717
1875
31254
8114
200493
88932
2363
32072
25497
1417
237
1626
28236
26960
3539
25314
20
27651
702
26131
26708
42702
1675
18201
25557
193616
62886
1504
30458
17989
61231
25858
207
26721
27029
5489
27873
25234
32235
26659
3041
26319
25437
25633
27298
2408
226351
28282
26576
3032
97811
25351
30051
32806
34889
2504
38011
169770
6437
32669
226120
27511
6377
105
153364
3296
4434
686
32630
25617
28463
12192
4203
25204
32733
4665
27233
31122
25683
28384
4147
3219
26019
25160
17954
218
25420
28559
25888
10582
87957
791
9915
19766
26065
28112
31598
4998
26003
32234
25398
11270
27173
146419
27763
29243
27758
4947
26331
3284
2050
7137
29993
27394
25953
8774
1386
30815
28018
1790
30694
26566
1428
2147
30272
2475
25375
753
14846
1672
61751
2079
34665
1573
16800
146977
6248
26962
2455
153937
226111
25934
258
27159
1439
3062
381
75749
27393
25547
5125
226091
28597
1398
33092
3508
27048
146993
2076
97204
28076
164873
25845
28645
1901
79150
4332
3874
25282
29261
28351
26966
3559
7514
568
1042
26691
153496
646
26176
5934
25086
25957
168463
35792
33055
25374
26215
60173
21857
165461
27389
28126
2682
7035
34880
27710
30061
509
27295
26242
30400
27837
28977
26801
4056
31017
7012
26197
147199
8036
30783
28859
26924
28992
302
96
24073
534
27270
6477
7348
25187
8125
31999
1045
3575
61969
28509
164704
28522
27046
25275
28731
25104
5
61551
20962
2655
38141
12591
457
35013
27385
32529
871
1413
25678
755
1897
27059
18934
32242
25841
25072
2487
4241
34454
3583
27901
2157
1982
27140
32687
21432
37951
8852
30382
2832
1689
721
58625
28543
31861
7073
164676
34082
3651
35783
29036
1382
4427
476
79065
2202
26747
25582
4458
31698
1766
153288
2154
429
25512
155
3652
26185
30173
332
28005
6378
3192
2749
7866
38919
171204
27419
27158
199112
5971
25952
32635
19654
25822
4248
256
5486
2960
26252
27154
56895
30545
471
1152
3347
6114
25245
4343
31157
401
1423
4758
25479
28676
6958
26271
2733
32797
16952
25893
2399
1881
2904
29552
4861
59508
153983
33278
61282
9620
26384
26392
26699
2047
30327
19622
28456
27144
5560
15626
25635
2799
76503
26435
25364
3055
25237
5319
2764
3749
774
204300
25183
30724
32051
979
153334
31280
31014
148494
1292
28795
2020
413
11891
890
30179
26744
5542
89527
3501
29453
4572
27197
25153
7917
25890
27722
27732
33076
8771
1350
25135
27398
28083
26582
2227
15219
30572
792
28828
25315
3990
226090
1620
26181
31166
1250
33404
2043
1880
35677
25584
834
27994
31032
28393
26899
2714
1507
2732
108
773
26270
75182
27686
28643
31294
25210
1262
148418
7383
76155
30607
178
37479
26846
17062
27937
5263
28084
29548
77560
28368
148317
88524
358
31702
4273
28917
31165
2654
6363
28197
29594
27611
14139
25887
970
2199
148576
28093
6878
26938
474
31461
766
4468
7742
57110
31163
27103
33010
1206
26573
243
30066
4887
34623
11557
353
26914
1343
3100
27559
88576
2392
25559
28976
42426
15820
28552
30089
218653
1288
28763
27532
36538
29123
28265
25916
28865
2081
25201
97428
894
58609
1117
26804
60702
687
33085
35820
4786
26782
17594
34737
4883
27293
27497
38844
26302
25596
3168
29845
29884
75292
31010
1307
29982
237514
26218
89134
26898
25624
27617
424
27301
5680
247927
27275
3324
3966
25812
6071
25468
89424
26630
31220
24642
2023
78747
121563
26495
1676
155017
36182
26210
25958
4036
26098
8580
26631
27523
1013
71
27965
1894
5585
349
34318
6179
171065
25440
2996
28530
25830
32049
7477
20318
108267
11446
35068
14072
2035
28760
35643
29353
3060
3382
27801
3206
32121
58167
1911
18381
28250
25163
24148
59
27872
531
851
26560
28511
3015
26279
27271
977
25548
2129
26507
13014
1254
10812
26654
29660
4480
26382
30543
30941
27391
4840
3951
28502
27862
60739
30812
95326
1728
3210
27043
1077
4674
29853
2652
8609
1964
28446
28263
31049
26702
11144
2817
7726
2410
33340
25540
25168
26503
25981
31927
153366
189322
226080
6669
100955
28199
34982
233589
25797
25950
25217
4604
158569
2010
4117
30715
5331
25174
3040
25435
29389
142762
27784
160911
3407
456
3282
26946
519
28176
117200
29056
5233
165385
21502
29029
26123
2114
28267
10984
30817
34615
27930
25434
8338
3045
4445
344
3101
27001
38906
1227
2512
3199
25537
205838
6867
28806
5959
1713
35006
60110
3068
61223
27010
26885
1580
28928
1420
29338
609
4589
8564
26620
35452
25519
5904
2390
26823
184927
58921
29501
25206
57143
26148
108222
41030
28081
26359
4711
27297
4755
180705
68406
13411
750
135912
4107
786
171195
837
28381
32634
4560
27971
2007
13448
31864
7942
18395
27878
29914
21525
25287
29017
29915
27083
1210
1303
3774
3863
28523
1030
31228
25149
61989
1572
25747
165404
10681
257196
27653
25860
2522
108206
29079
23
26455
157573
3649
4448
29372
153351
29669
27749
28724
27667
2373
3053
35674
46191
36913
27433
25628
2518
824
27304
25188
97808
4077
1122
3329
2395
4278
28065
26174
2002
125580
523
27620
2804
7480
5438
5727
70464
28527
213707
136029
29685
58641
6798
33161
29893
12798
63153
26083
4259
4610
1752
27624
5906
2306
1873
27866
25339
1723
18882
31013
26998
27588
3626
61029
2420
11072
27641
13129
25907
4633
4566
34475
6970
153491
29695
1304
78850
27014
35300
3864
8666
27855
36732
26956
28732
10977
57035
2213
114834
25671
27859
28938
2457
124865
31670
2542
25844
29365
108255
26492
26728
4199
34936
25709
1384
13258
15859
167689
28396
27203
28423
52535
30793
37676
33041
24918
164813
59283
1933
160805
153251
27857
26284
28048
26686
25506
27073
10183
30684
141942
29363
25954
78808
946
164977
5391
28011
160862
29334
13943
1449
1756
28803
27021
4972
25377
34295
26451
30769
8187
61768
62250
107358
26550
31663
13352
148394
18611
1481
160453
2158
4568
2595
123137
20010
26454
6070
5349
653
4491
1165
3909
17008
26061
33516
4305
10227
60372
26476
29182
32474
61100
28094
3010
29376
1608
27375
30196
173884
8071
30178
29331
2027
6268
15389
4456
5788
3221
25630
27663
27743
3430
13434
115354
31078
29670
12606
25306
27738
757
28754
27711
32201
31603
17840
26062
26301
39133
3285
27989
36756
27249
31169
6440
26193
12094
4233
98702
25918
672
32040
26934
25867
38539
5120
82
98709
86665
108280
29295
39306
58604
4856
7710
8361
35443
1281
2230
26584
3000
27629
1370
162530
30184
2112
26523
30548
21
3222
25827
27959
3033
25897
88470
2108
563
1762
60672
57620
28416
29221
25914
6441
1260
556
25368
2751
28784
3788
2171
3466
28439
333
35810
26432
1729
203977
27089
25700
28243
5211
28457
2041
3779
1338
3571
498
27677
107267
12884
74
27177
5921
432
99082
26673
2015
697
26262
763
62157
29781
2476
17617
27724
1024
31607
29159
223203
29194
695
27049
249
26697
27911
29262
161559
27242
26204
1520
165280
28415
30536
25577
5692
25567
26878
216324
29335
28564
26192
210060
153353
3366
164574
2052
25216
26475
27092
59292
5775
26716
58774
3885
27352
3910
5495
33930
8
47712
6459
562
29328
880
9167
250
26689
129005
976
25712
28899
117974
45389
252962
2616
161156
2558
706
4874
131421
3577
45502
29169
3855
1247
5466
181372
34903
148544
4573
3257
4962
26459
6564
2559
29557
27776
27729
3290
359
28930
28929
28694
27178
160913
27080
7090
28589
2573
27595
164869
30330
3086
30176
2135
25594
28734
147507
1395
28170
3034
26565
27715
31489
2801
2695
3301
4377
32210
148421
26722
26037
6083
835
160487
25996
3066
29586
108203
253255
25926
148770
1800
28280
3138
26266
973
2024
139833
7550
1870
27844
88544
4371
22987
236
3867
46013
26792
61111
29321
12081
29448
153391
2750
27167
148400
28370
238671
28680
684
4143
194286
153505
28200
29715
25461
2077
18209
30166
1912
26865
12905
11663
216611
28108
146950
12578
63077
116675
231500
28545
27549
32547
812
26116
29862
28743
194
28436
30940
2405
4433
10997
27616
3959
37810
13208
29117
4934
29173
153472
959
3399
27504
30108
3828
331
1696
27436
28184
9196
28164
26477
127046
26501
8921
37188
30481
5464
31493
35395
25175
26490
7599
160550
26988
6832
26897
1660
165218
184334
26376
711
5810
30394
51855
35825
27719
29121
28247
840
195
25621
26057
2482
26789
33011
2119
4292
31091
10479
1002
4733
26698
32038
28986
31036
4866
226158
23342
3695
59308
25128
29560
26533
275860
1925
221186
26472
16747
2092
28897
28069
153305
26323
29379
25214
1795
32699
25923
63211
27954
153477
8586
1536
30371
57216
11377
36393
3603
820
2143
31137
9306
9729
57488
77467
2313
1225
108183
4016
28659
5163
1169
6355
26075
3770
12123
28128
1212
3214
3886
27036
148650
13112
57467
14213
30313
28819
34236
25218
27164
27649
1857
161770
1369
3976
28363
29041
30571
28674
76373
30796
27082
1867
27311
2929
5771
7807
28661
28113
28079
226220
84757
116123
135223
27539
28445
34721
30149
28075
28477
12252
5204
2899
56927
2132
60697
39417
29207
75821
26886
154557
107801
26864
28792
69168
25642
60105
27170
29427
1026
25720
25613
1627
4723
15308
138058
2859
39
116897
25937
3629
25126
31789
25448
749
42117
206064
226126
33004
15981
6880
26707
34770
3762
25647
2796
10676
26275
238219
26448
148453
30052
6598
4763
28465
1757
32777
211372
148399
4255
61305
363
31921
2723
26520
78666
5207
3121
26738
30274
34096
30700
26405
75772
27496
30759
14013
29421
2698
12636
25902
41919
10917
683
27004
3879
4831
32518
171275
161619
1316
78871
4526
3425
945
5913
1337
3723
9581
19837
25649
3704
4863
153428
2984
31833
7688
35175
158722
5206
29541
25360
25278
853
222125
5236
29404
6055
29106
27936
4488
155900
671
2006
29392
15737
35468
30544
230572
29475
4447
814
35138
30725
2295
9780
34747
29412
4498
32131
34886
28868
114012
338
2527
30377
165078
174613
15107
27967
4983
33173
123379
153344
30928
57739
32675
29386
30096
30512
5861
32137
4068
3337
14450
25143
4717
22691
27028
3890
29802
26575
30120
153409
1830
35567
30475
1994
7232
29604
254116
2745
30075
29509
1108
27093
669
29420
98096
31037
164631
3728
26272
28741
5712
27252
25673
77865
30974
153397
1905
26479
34482
60754
11993
3124
1126
153474
12514
27453
4252
15776
32470
5406
613
4584
26790
31974
30553
5041
12617
41947
161049
27794
265085
33703
4486
4424
29869
2210
31538
29297
6553
148477
32093
3288
2517
5701
3889
26762
895
5798
161480
6873
153348
59509
229805
30376
25588
29203
32951
12291
29222
27550
308
107991
3440
27139
77550
3190
159463
28772
26902
3712
6599
26277
168428
715
8225
27279
16123
11774
1916
393
6470
27870
2061
26942
4609
2017
98537
32948
30048
7320
30056
27830
317
4249
26345
31196
5485
35257
28019
3212
28827
29956
32139
1383
226190
7637
36122
26085
27296
30917
28196
543
2731
2865
26910
26099
2730
2547
1943
6294
152046
850
26011
3653
174235
28693
29333
27885
114923
159518
2070
148663
28747
2393
2131
11635
8252
31004
3137
26549
34385
114076
29167
145713
2728
209040
4466
27445
28046
6401
27632
154733
88821
5180
1657
185474
88527
169878
143865
12285
112486
2196
25595
30612
28796
158190
4007
3969
34405
58572
3355
25869
32080
62583
1468
30491
30068
153250
27761
29069
34702
31772
13422
5110
31102
5804
28106
198786
226418
26070
6043
97517
28395
153928
15929
26467
13248
26144
27591
30649
8083
2394
153392
2198
6915
3391
3073
3080
29064
2045
21456
5605
2109
27195
29130
27604
5353
27142
3565
28657
4189
26888
26742
151905
134217
24348
35568
26120
25746
28678
10537
1150
28633
31152
25376
27148
153415
4195
1584
38763
482
25443
826
75825
25837
3844
32340
13284
984
29644
32044
28202
6575
2433
148388
216706
27819
1313
25901
3460
28925
26491
37949
1513
6741
29424
2460
33420
153604
123181
32032
3465
31031
29286
22
142504
28325
158910
16547
26447
25194
32543
5756
27754
40123
26666
4262
2376
3634
3147
3595
1302
4403
26577
29691
4702
32779
4629
3998
28172
30171
25618
6150
27339
1863
5526
4551
12050
147279
26891
61133
19826
3499
28686
1838
25640
5741
78425
3205
165317
27477
6661
25919
27793
31674
162407
28915
555
153296
3304
15693
25980
793
8777
2952
26002
1086
219597
28515
26118
25223
113756
263
32016
25444
1999
25473
5941
848
5144
32021
27824
1770
2844
1181
184922
8441
162381
29881
280
5976
22225
26172
32837
118654
3482
28625
38485
27175
2530
193750
2841
28650
26406
2997
30268
622
30225
29062
2787
29972
1979
28001
27003
153246
4860
2496
27135
33321
9085
51
185969
97279
28260
9526
29273
28654
7423
6206
26541
30083
34643
223116
35584
1973
30182
3853
27580
35550
25641
28121
169065
27874
5190
25426
25995
148501
148319
4116
31637
115567
28745
5487
28652
27769
148446
160547
25978
25631
3688
27421
1325
3270
27451
108060
31300
27200
1726
1389
57497
11531
119520
37987
29411
28664
32112
29048
3
31856
30112
22780
32337
1366
1332
71492
25603
17559
13199
25759
34395
4956
161226
27310
1329
25616
31517
26457
5849
30861
4787
32431
32279
35219
31871
5035
97129
30781
77577
298
12593
1155
153329
245063
1846
6372
32850
2298
26723
148698
9595
28376
1722
30049
4029
856
148653
10379
7428
261729
25258
31587
29905
1581
193494
3112
35923
26419
142678
181403
5130
27008
25732
171209
30125
26973
33690
28054
11797
241853
248766
62716
8349
251088
28740
113728
26401
26372
8465
27417
1594
32438
2933
29150
31951
34777
569
28549
30294
30003
6843
40
29188
28340
159569
34700
215723
12951
34699
272178
3191
25580
26364
4087
146917
28180
486
4985
11708
60090
28846
26517
11075
5977
165657
300
15765
25109
4611
27423
27432
10646
28860
3031
26971
33933
29332
19217
3345
29001
111089
36216
1178
3981
28794
25667
3479
150389
37924
30912
29066
37252
28086
27288
112153
30077
32447
26950
208984
78441
3725
28935
3713
148592
28140
1115
113726
26489
58262
148409
1315
27818
29727
12345
61608
29245
50888
31795
30158
6911
33556
148574
115476
29113
271056
31652
15491
4459
62129
26183
278
7167
38482
445
31691
1615
2415
25605
28877
13088
3947
28100
33666
34330
30961
3772
84672
965
1372
16622
25130
15813
35504
2740
8909
9611
112
29564
30525
26712
28125
150275
108204
238
148491
148312
25248
2064
153241
5235
159323
1778
208962
3528
27879
226138
3563
30420
28305
25406
28144
38603
58671
278069
8642
1331
138198
1442
17197
11403
77508
200999
36511
31638
9384
76588
5220
30175
1330
29852
165268
153504
4775
2016
188690
27940
28117
6060
32195
3028
1958
27923
27883
159421
434
165122
29011
32194
27574
9496
2279
25665
135
159459
2529
31384
84092
32871
27717
3687
26706
905
28720
28503
219595
9628
6574
28518
1688
29260
15660
29451
9249
1915
1047
32932
26713
2674
12756
159473
4957
30260
27833
30153
12532
580
10784
25883
30103
2903
26977
58377
25863
33419
32875
124775
122847
27081
27110
31639
1699
32834
12
1388
159370
31094
4074
4385
29879
26586
1711
28906
6986
2588
124322
33335
34583
6290
6085
153374
25203
30071
1125
5218
160897
153245
35548
13419
16821
28104
17019
28616
28519
37507
19600
4768
677
8624
27501
29529
267
5584
161122
2161
5574
770
28485
39776
114134
417
3858
26247
7862
33896
27685
1244
154606
34595
226129
2627
163
175719
1810
163223
27033
520
123562
7993
38273
3077
4425
1046
27633
34961
3891
36688
26615
30770
27567
87979
26710
3088
26500
3275
7135
14568
601
5066
2072
27865
2686
165755
27638
25944
27037
27380
29482
163791
32772
30717
31090
6383
26952
32105
8297
34960
28913
25951
1931
2347
29195
26283
30534
11342
26829
9564
164760
28708
26715
8075
38398
1926
26417
27498
4080
29354
29837
4703
28601
61333
2706
247029
2678
4969
4285
148473
2827
3169
72575
29964
25561
27958
29989
16870
6833
29138
1579
33486
2893
8938
35530
200881
25251
26832
27974
153373
3321
5546
28443
2431
170483
10518
159554
199372
15734
27802
29544
25852
161221
28010
25857
4515
772
2084
885
226232
115434
13833
25704
29140
26660
8514
26414
18655
7408
28427
16953
27507
26025
25323
4739
21287
216179
13267
4806
2828
30567
37524
136232
153333
33223
27736
148555
201027
29161
35786
34263
5027
148456
21267
200669
153960
153313
3022
31051
1457
4400
10824
27156
233551
28892
27775
267682
75
20221
153558
29124
28120
31324
159506
2653
207496
26729
32962
27773
4830
33220
9940
10953
3868
61023
30703
13271
38028
18050
160677
35720
131070
1923
2468
34222
1363
77206
161419
181960
28056
35932
2146
5559
382
751
28556
19998
35774
2601
26997
6113
2278
19238
7668
32395
31162
30402
29
866
33013
29864
9056
34534
5838
3083
97832
30267
31390
29397
2528
10557
26982
2966
5343
860
95602
159040
34969
35793
159491
3367
25366
9692
25077
63476
2766
7092
36752
95827
2908
27619
60689
27113
153423
12105
28004
122450
27986
16329
25451
89218
25600
13440
26567
20461
2150
27854
5284
5351
1334
32391
159541
30959
3750
4430
2747
892
30050
28887
28912
26919
3581
27020
27256
77767
29899
25664
26010
138237
4307
6218
159428
28814
5031
34923
29518
26814
3737
165510
28154
161637
7311
159361
3241
3133
87818
532
89303
34697
29458
160750
27593
752
12796
18892
7675
2442
29401
81042
160843
2783
2660
7371
3854
3148
34670
5808
5102
170145
129029
29460
161621
11344
5106
27055
31150
88245
26082
8288
26571
153544
16458
27800
63472
26739
4530
162080
558
817
34733
2994
3615
33346
37953
2864
870
27287
26718
29281
1447
130295
30732
148531
58608
3286
10327
23261
33700
30760
159508
31039
30426
5644
28886
153590
1612
246015
52651
1342
2314
5029
8864
153316
122395
27902
55966
27119
25424
26925
31547
31783
2985
38662
26835
62428
31026
9082
4577
51792
19755
148293
35225
8197
27241
30093
37075
25199
1362
5098
1065
27430
29425
27488
27779
107362
948
3242
13085
58222
32493
88641
31641
5505
244156
153557
27623
4567
1523
1023
10915
27016
9010
65445
25152
160611
34963
188
768
159406
28648
25602
28658
27309
132
29149
30718
37589
10892
3726
270752
153936
2340
25486
28655
29857
2075
108225
185946
45951
58569
25328
4451
4325
161716
7527
222603
5606
272154
14439
27537
1097
153298
3330
160585
13460
38492
25800
27977
78174
13608
6421
30403
2369
2249
11958
7927
3011
29004
27109
2872
28390
159507
28558
5530
34339
60219
505
25903
99627
77
30099
29649
7378
41119
6853
29311
38944
35426
2229
161435
42137
14316
10903
9002
29987
26957
4906
153460
160461
129351
2739
32257
2995
3048
7106
12551
30651
7183
4564
5398
2647
3601
17061
35253
162388
161390
29933
148303
29446
26529
210549
153610
28298
34973
29292
85418
159484
29898
60811
11255
28770
9755
160510
3621
153480
24510
975
251751
5547
30128
34528
61463
4184
141009
28101
63048
2053
7170
5437
162972
5571
159441
27672
26399
2153
8171
174413
25669
1544
153595
7466
1575
57187
37729
998
7715
35942
2681
4196
25562
3813
30390
33865
62817
2478
160474
5821
3096
22797
28321
30511
7262
2693
12402
161747
53806
1868
4694
6659
85996
6705
24618
31851
158110
27634
5226
2444
162628
97865
25865
148559
26397
256700
26171
28389
26106
1769
3388
60773
36209
4728
115
6593
30521
2938
26456
18683
5355
6726
33627
8850
25666
29146
634
896
101
31098
2826
25778
96043
9247
30716
5990
26209
26623
18402
250846
3196
1656
56978
32372
161781
780
33912
6607
10520
5003
26999
29050
26921
14146
16378
4053
34191
26806
3230
25591
1175
9109
5264
9965
32740
1796
30289
2930
159465
10170
28425
30102
28533
5900
3566
27691
7706
8159
75403
161270
34026
30495
26091
28815
160589
6469
27820
148790
4460
26731
28041
26634
25707
1111
49149
28433
25372
27666
27678
26073
30845
104398
237528
153896
32621
165043
9619
32569
59887
14478
48413
26637
28883
35033
27772
1131
5201
2737
2220
63734
1020
33381
29168
33181
31197
5268
29756
6330
159577
159472
9260
29267
4950
38537
4261
7285
27543
153438
19338
173115
34510
62005
16905
34836
3812
13116
2162
30117
3715
261582
5494
5002
5216
32495
10724
3064
25495
26187
7138
12165
152
31303
153342
165415
269
60769
2962
159409
19984
1278
34356
5672
2822
26558
38461
161232
3081
159359
153481
559
6587
32670
60142
30516
52268
28888
4294
27491
159464
161663
161358
2645
34624
2590
4800
6463
29838
52315
30709
1771
76022
25668
153709
4028
2617
62905
30059
153381
7977
14787
27277
2782
6968
3572
25145
26646
158824
22717
3576
25589
200068
705
28705
1709
25908
11794
160880
278148
2578
33828
36522
163282
32119
32090
13476
159510
165469
262588
8048
30312
112030
14986
10574
14545
25585
29327
6866
20544
1317
148022
26211
116
130017
2829
27747
26861
6921
28461
26627
217986
3427
2323
34913
26802
1765
881
553
28632
30736
25383
27487
1747
2611
1797
29709
133560
9123
26679
31549
25587
129081
29500
1611
2427
6539
60787
135642
3894
5024
2001
1189
1837
5667
26791
29042
11728
34799
31692
27134
28277
6616
33035
26265
6257
244
6298
33718
5238
27066
4867
18075
32389
8548
232160
3706
5612
148549
720
160570
153314
61527
27803
26471
162087
11601
48646
148603
153371
69967
32510
37223
161883
160006
27674
4034
33240
27347
89788
8032
25653
188955
369
1427
15058
226085
12014
2048
30374
2111
12148
29606
27646
160836
25661
29825
28936
62984
30063
5830
29033
93108
26225
13249
29034
8761
26063
30470
2721
168813
2831
1733
33128
1407
7530
8481
35170
153304
9096
26008
3993
7277
30727
3831
159487
23217
29355
15260
58335
87711
32190
26701
28933
3356
153525
28037
36097
34575
26188
25474
27744
25935
25466
30307
39310
6763
10756
30309
19905
5519
4281
4518
7094
76693
29961
26295
11379
6137
75843
1679
161648
148478
25753
58661
76011
25515
30761
26438
31331
162282
51662
9016
159478
8694
148516
261569
30421
89864
29037
27401
60418
2673
21358
54
35464
31291
7269
30874
12485
162705
108211
3494
163256
10397
7506
32554
30791
25563
5872
27985
146
8029
162413
26461
28012
4881
25529
12693
160565
51988
31304
5570
129255
990
63467
7817
28291
3829
2305
28006
7629
13081
27090
3393
154060
31540
108246
25771
20435
145
16266
37212
8923
153591
153692
14289
38079
11185
26892
26569
19314
11470
58034
7517
31995
36625
8981
31373
10675
2986
27557
56940
28122
4944
169663
27459
32695
161338
30129
33522
6091
12245
15632
160517
37986
92442
3628
27840
5497
28802
57814
25222
27762
40735
1834
59232
251253
25612
30463
148417
160801
27697
154140
10038
1326
26622
160628
108281
153280
33571
32243
53279
28952
25553
27441
13216
162864
60733
31129
7333
258289
7885
32151
29030
25524
30304
28116
8944
28843
2186
13684
162076
75719
50556
162361
11016
164141
13553
6312
157787
6007
29319
34023
32696
3131
29574
30741
30130
3099
146954
2989
33258
762
148705
1936
9860
26125
4272
185755
113099
2201
222976
30570
1529
2049
188735
163085
31241
1734
226135
16961
58886
3446
25772
29035
32795
12909
6625
4432
29018
1669
3614
14768
2291
35397
8414
6473
38044
26741
6210
147390
272173
1799
4359
1683
3228
25110
7887
5290
10887
160650
9250
236022
3093
28940
271464
174815
3896
21890
3194
30236
2973
107660
6926
29771
2127
168410
2691
35522
22188
32028
30255
28871
17826
30492
7755
28152
161104
5905
27716
1820
9527
30174
8908
114984
30301
3254
27984
28327
27534
15423
27318
12017
30214
455
147835
12605
27612
160886
596
29785
28024
3691
3402
29279
62400
21257
46733
3002
17477
51835
15285
148325
29599
6
254342
30627
1215
160465
20371
26987
2233
162777
164
189273
28656
12323
52170
148523
275
10666
36701
3475
33408
101154
161891
32439
36146
4003
30218
154410
28651
26186
26221
169100
7275
30080
26274
30474
915
26824
29257
8856
160777
1180
6425
29429
162684
28336
829
2303
162155
1649
42115
38109
28612
37572
161821
28618
9237
1104
26908
1296
4096
26674
6551
157863
161967
1258
7455
68392
162675
8284
29180
29805
32967
27483
7298
39301
79231
30162
208
75937
38953
25184
153889
6949
26643
168619
31742
23970
31910
29971
7662
7992
8041
26122
19922
26257
161279
162416
153823
198095
26381
171253
37194
165810
28949
23892
27708
4615
26268
179
30740
4919
5774
25469
88781
4146
26519
26649
30398
31845
9489
161184
9758
9475
126679
199191
257
26195
32600
28268
3791
8227
59733
3862
160659
87493
33064
15963
162284
13508
161803
830
61
153258
60690
29651
163228
162383
226075
3765
14711
31894
160599
14219
272167
1147
2051
208862
31758
2855
32963
5209
33891
2073
127527
153906
22793
9960
21820
42380
57565
30477
2133
1559
31875
9834
6274
160413
25235
12933
34161
1598
58333
17300
5915
4409
27728
25290
1695
26240
148528
56952
33691
15874
6521
32301
33182
6932
31940
25164
26786
28057
162574
77729
174221
148556
14030
59596
1886
4977
85846
31881
35625
4986
34360
148579
245682
142767
454
2541
9996
162366
119713
1093
4668
27540
960
6433
616
7812
9630
8711
31675
28713
6879
4517
161790
8712
3448
157375
4121
223
74430
165576
4086
8747
4132
226203
35233
31604
7494
3223
9995
8190
6695
36031
3982
5569
14896
32975
30748
153402
27424
4528
27982
2155
26160
157861
6028
8056
71434
12527
2849
35765
4559
30085
7162
29923
11803
61061
7660
11189
272189
62222
29265
56530
4326
2413
29176
31558
148440
2767
9113
30163
24947
25961
5516
108242
6264
161490
60984
25578
25343
34325
108228
14051
34067
22348
163456
28691
6300
148450
806
2803
27326
30797
62231
29722
54063
25411
4166
153844
31998
34341
5073
6865
61032
30726
135512
5645
11284
153473
2226
29699
29757
34448
33152
226972
13458
12547
34438
26069
148439
5876
4022
28591
153488
2484
8188
3822
28227
13748
47237
29032
161398
30329
1081
8817
1705
4975
25309
34178
30588
26287
95403
127149
26216
10146
6547
161554
11583
25711
7971
33087
14891
5269
94686
153412
29667
4523
14793
25851
25181
4177
165612
3372
2078
879
1960
25485
4186
205325
2679
29414
160838
27607
92543
5237
7364
127859
3291
4158
112086
168987
185017
138630
5801
295
61098
5471
161635
34367
36245
29313
28278
88533
10017
557
33968
4734
76960
108195
169767
15552
36079
160888
148627
11243
5249
136036
5851
17921
137253
27180
272168
3216
8090
145931
27322
28575
164780
31782
6881
19009
33080
19323
18707
7958
171269
7463
30165
148298
12694
251
5593
109
6631
30631
1532
3739
29038
29361
32937
184958
30556
5626
59268
153283
162666
7429
26264
27608
13333
30034
26427
162411
20630
61803
27064
6004
8960
3279
655
18310
28513
155728
4798
51700
6452
31749
27822
162966
1914
3248
4064
3898
16041
26134
12924
8352
26916
4216
70502
32716
15150
161468
2531
9779
250830
25367
25298
32874
230329
23566
171960
12482
160416
34141
36386
29402
2435
32001
2736
34042
30217
28346
28124
31776
27088
30528
8069
274910
188757
154412
161634
2425
5380
31466
32246
134365
26318
6829
3368
171183
5054
27944
154118
8789
2368
28460
7297
4138
29874
40817
34566
28628
33757
30460
7673
17830
5615
6034
26213
26373
28588
30331
5231
30264
27966
25413
31106
29565
204589
3666
34309
24232
39264
28493
39180
27786
9481
8173
26578
33780
15266
78290
30523
62738
102089
161971
28341
28050
33360
20556
4781
30293
4453
37
1112
7321
26905
184402
34403
129251
112522
32454
28683
31038
27084
394
33001
30459
165725
160815
29396
148546
23241
26499
50594
28284
52337
6017
2120
243693
190152
31204
8918
5935
31676
162858
20289
85
27963
28322
26022
236401
28793
169285
7843
165560
89918
32503
28150
30780
28866
6247
32484
25781
12885
30144
37384
930
19068
226110
6409
45604
249613
83081
2991
30907
4422
5723
564
10929
15277
25870
33869
137158
60986
181160
30673
17182
4963
30229
11086
4058
15000
51679
161662
32522
27050
57485
25716
29945
25277
3398
35474
153899
33537
60991
3730
3149
27416
11085
30299
59947
162544
4046
161519
31353
499
9307
31252
27006
8975
8793
37163
226206
226115
1289
2806
5749
6706
643
4160
161391
162368
61757
29438
31209
31545
35880
32960
25190
4835
161031
153955
3069
162147
161316
26726
5195
25362
161833
33777
29464
30447
1603
4656
9458
8039
2635
60965
43222
3780
154737
204214
8723
31546
6108
4319
37292
52011
161545
226191
2138
23965
7508
122210
5417
34852
148458
63183
23808
88773
30332
27446
33336
8511
180191
32729
153531
32940
28102
9137
162842
30659
162293
993
26681
32524
31713
10616
202
5230
3509
148343
161826
28613
161471
6311
160798
31903
1619
13104
27720
7211
33800
108429
12569
247974
28688
11713
4041
8077
9602
5889
30022
29323
28649
28319
5255
1044
26591
899
78063
11461
27508
9188
160707
31242
11610
164168
146884
29193
771
215198
83492
33884
169666
28497
28690
165829
30015
5080
29436
25250
7783
148371
153775
2605
161393
6773
36506
87032
31805
9284
160491
4596
4050
160466
5762
4296
25842
49574
28626
3529
6844
153628
4852
4134
61028
24551
30269
32520
1883
27475
16061
27194
29383
34791
27892
6560
27541
4718
28391
25828
31421
542
160605
652
3789
28572
34984
15783
2607
30654
260
28922
2857
7126
39745
27077
231058
28787
5529
34925
8588
252142
148479
30140
11420
29405
5899
23665
2384
33019
249113
25639
161349
34152
15045
27308
168005
6316
162403
10996
550
61087
35672
31904
6115
128701
29157
2586
39536
5426
254231
5770
36372
39366
22289
12956
30017
21108
29683
14256
2488
58645
256631
8983
26779
7831
36267
153343
9445
38684
8177
128409
29101
3607
3160
4879
10987
28607
2589
25291
30729
30246
26081
28421
35866
15195
8174
31852
5507
32353
34874
11784
27399
28964
11967
27571
36485
29347
26809
29575
5792
5050
173450
248389
14106
153265
160765
153420
12776
12948
213997
31710
28755
2178
15163
13196
11934
160925
4366
4684
226099
7794
148344
12535
26935
3394
61980
45934
29539
54536
21859
8219
29813
29866
2846
26881
1855
3619
5012
33266
27918
10767
13304
160646
31966
28927
181323
4626
36328
51605
35886
33494
31807
6954
3784
11002
75294
12872
7974
161404
21539
3243
29794
4924
26497
8073
29154
162970
27095
9734
160733
29527
27240
2902
5300
6376
9204
4169
3806
148620
185632
1527
32577
9318
3295
3625
31535
7462
32761
30373
5425
161334
58051
15183
16783
32558
7118
148466
11225
165331
161767
3278
7586
30722
25102
6566
12795
6235
30432
12819
27086
6354
59939
6414
161432
39169
4809
87879
958
10315
9162
10249
9926
28273
7595
658
7851
764
7598
14898
2516
161966
32588
6320
157485
39816
16717
147743
7717
62018
165243
29505
6617
53423
153468
9131
30215
31141
10025
5732
153918
37438
3030
8751
49261
6751
28697
32405
1587
3906
27302
26256
36560
10667
1691
31946
2716
120434
31433
247663
4286
32102
29408
27513
25525
161476
309
163298
126462
26943
157956
232561
28855
43872
26964
161722
7519
1535
28194
7453
153693
10028
8572
27980
9501
4299
25082
8865
2175
12946
28514
51606
160515
5924
6322
243589
1534
3013
6035
7575
35986
10143
3244
15164
57919
160869
33155
28660
165260
27120
30949
207983
17578
38034
29570
278878
7774
31432
29547
188935
28546
212730
25900
8611
1993
29469
204010
116015
29432
160761
169518
279
148503
483
27555
9546
2255
5001
4163
25813
9787
275119
32498
27884
26913
3785
70513
16662
9110
26866
27530
33303
176126
12451
11808
2521
116478
6116
26001
27668
78419
35182
35873
7513
161915
26641
5203
33079
34683
7070
3342
19681
39305
30190
7068
9285
87071
33957
10607
6618
7526
8439
27193
25391
28087
16278
27950
61245
35499
30635
34778
38569
16272
77715
1196
1592
162851
31961
4406
67194
17496
6530
33229
16838
29395
162468
63017
28764
32755
32613
36972
3104
4144
58654
113222
153952
18803
161932
26534
89877
34003
47582
9856
26178
29294
7329
4695
16906
153629
151964
35263
27527
36519
108460
12289
10087
151677
234349
185463
8745
30779
26053
163017
5654
160716
23777
6079
30098
10169
153635
2283
226050
15505
26130
25936
97870
31052
30738
34704
3487
29044
168433
26648
9902
2501
226053
26730
35939
22636
3915
31714
6952
27690
13710
28130
29298
11256
26000
148287
89375
30749
161884
13076
4024
6736
148788
5778
9157
30430
10875
5625
153904
148412
165886
3876
10491
57945
32535
57785
172065
6544
27407
1351
160912
27768
2085
9316
31186
9651
28258
28334
30849
8974
10290
59058
31401
31729
4756
35725
15321
43321
153318
25134
29714
2768
162315
4328
34175
121738
148416
26305
49808
30232
27479
40179
119635
1017
33275
1962
26585
60783
11395
5028
26945
3946
161897
32416
160956
4461
5038
27137
160680
20078
14138
11597
26487
5699
29387
17636
148601
29875
148425
6662
24447
244819
272867
162838
20617
2391
33832
21973
8107
2214
3720
16080
165753
2546
535
18007
1159
33305
28066
29738
47884
29055
10106
162695
22709
2136
30918
19665
25385
3003
30514
209813
62455
10961
31751
116686
5337
29156
85733
50813
30947
153944
7847
32204
31110
162892
24596
153908
30105
153411
27969
27420
1416
28761
1368
30367
13294
28000
163073
11905
63133
30036
426
31506
28233
3782
6018
26313
35249
5324
28636
158510
2604
29215
31678
27361
2447
2389
9041
160867
161761
20402
7937
14753
77101
6975
62160
8952
18441
226188
8790
4634
27890
161762
10462
28317
160594
18971
12476
6791
32271
34241
4907
11636
35716
12626
148423
226176
29623
248916
165401
29712
3186
26029
232589
237208
8554
1219
4137
226084
2253
29234
18554
162709
10761
153787
43174
31356
112093
33661
33130
165468
24490
7141
62603
34432
29602
30180
27845
3396
67232
34709
267999
5346
10109
10898
7054
5731
35034
11059
5217
9446
57205
34377
3400
29108
49392
30529
33741
15646
3170
158099
138877
15915
8111
3458
153593
5811
4536
33154
25310
5789
35432
109867
43246
29700
61151
28823
9385
27262
21527
1959
60969
165569
9678
37823
30784
30828
8970
66371
3070
25478
9317
3114
160534
6613
241829
2350
52438
126593
30901
27573
37847
49187
272203
9296
9350
6054
10120
29068
31187
3004
33506
7973
30676
147433
7318
219989
25254
3747
5043
1966
30787
25615
12601
27626
34476
14772
1397
6036
8734
3397
4945
10172
6856
34767
196641
8339
28240
9230
33975
33357
33439
148482
30366
6006
148640
16831
2140
3905
28494
15753
160890
254916
8323
25597
34119
29131
9768
32822
1910
135286
26338
161547
3433
13189
31458
161483
4317
4257
4291
11734
27214
101983
17423
31635
6234
35061
148575
26862
7834
153637
28049
32321
176089
25092
43223
28401
31755
13700
185537
10202
161987
104819
8016
8141
10083
53314
28878
31374
3420
26636
7331
153395
196960
8606
12222
12149
31056
5642
31873
153328
26124
17128
11476
28996
165249
1693
50517
19898
2407
27299
32347
16202
229911
153159
58023
29087
77541
29201
4846
32162
147031
29658
28255
6505
28615
27146
1570
153295
34993
26117
9913
160982
8607
32155
78883
36224
10948
208556
10895
39787
36648
128845
6200
4277
31288
161148
26425
13102
137727
3524
212365
4816
28035
50502
46704
3187
2423
27462
10149
7193
58864
53663
129226
28158
13264
223367
31600
221570
206582
128959
32980
147698
128195
148525
2810
66542
194453
58431
6451
34900
3557
146959
4725
26036
29675
24612
153510
25729
11192
129646
12354
30840
4209
77746
163235
120113
61746
7234
52375
211123
227414
9550
21288
3996
19952
63178
162549
188856
27201
19806
30100
197968
20900
47985
31681
61062
25681
8035
13467
2184
25566
4844
208791
36279
26199
261813
162539
269719
25835
7681
220
148365
209152
84588
27721
214348
153786
28331
164672
3364
16042
28092
52501
16774
163308
60720
34344
167500
28972
10164
2163
33625
14571
160431
31599
25762
29485
13373
4062
28281
13471
28716
60748
37156
31438
112194
2665
3012
44647
11634
146430
84570
146300
1140
31799
28147
198253
113890
13786
26020
8186
6379
275121
28557
7109
34365
30069
9182
2264
13617
32984
60474
40377
191469
6227
25365
1921
2181
5362
2090
27171
32508
26797
32902
29889
9071
153927
89791
148607
162830
5364
9512
98584
27065
27386
7716
25279
32981
7161
699
13555
34978
2054
17460
113131
153465
7394
8537
123252
1808
161479
30094
6493
25795
148527
31727
25416
144549
955
27895
1008
169857
5165
161271
148507
31117
10832
159041
17560
1814
4478
3208
12437
11481
35071
35996
26340
6871
28896
10940
27951
3061
5947
14170
33101
8976
1234
7491
31798
33176
89825
240318
514
199206
229841
9429
31282
10033
27369
30883
4851
226134
25348
17564
4980
26484
33210
26990
22439
4561
196934
30035
14483
4759
34561
229222
153377
6929
11120
5141
54985
211519
2507
20735
28539
137782
161629
383
29656
14749
27060
139935
33144
32117
27827
8018
165737
29428
159432
143107
7478
17664
236066
32346
8089
29789
5360
153853
5917
7602
717
26111
9170
31590
11907
31644
14303
25122
7290
6288
162387
257917
11796
3379
1825
27517
11037
10511
8992
506
4276
28441
35089
34308
176454
26628
21436
20259
161302
161617
59613
27121
8507
148471
25706
148373
5371
30678
27934
1191
48477
133296
8692
31874
31645
4767
32207
9979
2148
146757
6677
10458
27079
30946
27707
2509
1949
29348
7634
79525
148545
266488
34839
30669
153257
4093
163575
798
4641
10421
7892
213852
27771
40216
33616
9676
35133
32609
27535
7915
77603
9707
153663
33855
266491
160482
162605
4782
12255
153533
1487
6068
8683
72112
287
5963
89951
12874
10704
32290
21044
29314
29803
16997
31352
11012
29407
15560
31315
29504
3836
32033
153503
158556
8281
28472
1786
3504
13266
224541
4340
9215
29836
2585
162815
5643
153545
21826
12515
4690
20133
11542
29708
201036
35971
12418
30756
3140
28501
3871
161030
7873
108182
58350
60267
29710
165391
165185
13451
148618
11778
153605
10707
23096
6408
13901
123914
5523
25412
8876
128976
76639
163527
5965
226215
16470
14055
2795
167142
4109
9803
7287
8854
12399
59532
28471
5016
153310
154866
161444
28484
9493
106962
28045
159972
6633
28137
31588
163086
34785
5952
9459
58784
25861
88731
163777
28252
4744
161351
32826
10938
171912
30704
32804
30675
12536
10001
2088
2752
30821
161919
7271
28671
61279
254737
29272
76345
30018
14436
108216
8411
161595
59970
57432
181352
28951
32469
119258
161799
34022
13647
154861
18389
30266
38023
148320
3008
28968
9148
10340
61548
251471
4378
34967
3679
10444
29941
272213
30926
2173
107742
8332
163315
25455
30344
617
26235
5333
33475
14074
29370
1607
7677
14783
1451
108059
11021
4542
1188
174073
5241
133083
1824
12827
18280
8423
25361
35115
113423
28261
6903
18483
30311
8750
161371
28151
31817
160818
61339
162443
16028
9076
26227
5525
7159
62956
30365
161916
27828
6127
28032
4997
5171
164214
1434
29443
12806
36773
137254
226224
10911
153066
5185
9447
5479
28529
18553
31019
171199
11070
14352
30450
154217
1804
75797
4469
29049
131844
188344
2139
225285
130848
29693
888
32408
27592
275843
153624
13036
1324
144394
163138
9715
567
77670
26068
34443
10376
11702
180984
170492
35962
9083
25496
5711
51967
193541
163268
12685
15019
148490
30107
32097
148345
1899
7612
34945
15801
164490
1424
161251
15705
148499
3354
4911
1038
25373
5694
74292
31144
27343
3050
162441
20830
33937
8394
7158
153449
1298
12167
4397
31554
29089
210540
31502
6161
36199
30224
3403
3519
30297
33446
42552
35610
9578
3103
6468
6349
28990
149000
8022
4936
30510
162073
28190
160623
8273
25817
8744
6979
9525
7591
259560
161730
12630
28118
278793
2514
161276
25499
11038
113230
25517
162384
6110
18444
7522
3531
2906
8626
35965
6346
31225
168681
4282
25846
26596
7535
160699
27849
1200
15861
3794
5428
226079
8463
27465
10122
33066
26912
35680
27374
153995
272193
27554
6779
160881
31385
8716
28574
8886
6129
31335
5844
9335
32648
29944
26736
4156
8598
16746
6594
6397
4175
161017
159692
42685
28085
28540
4978
30532
35636
29058
6672
35404
3434
226122
16602
60816
43065
31221
27443
7571
4948
158119
29610
8214
4413
29225
98576
801
10058
2437
9118
5142
11222
124758
8748
6602
7775
52519
3646
161272
30300
62188
3622
20072
6076
25142
42456
9664
26842
5191
53121
107803
216094
6864
65686
226205
27123
28064
153367
27150
165420
20569
30388
13329
3401
30839
10166
3018
34669
8270
267755
162173
1668
24487
153484
11025
18412
1890
29369
8263
7201
27714
23320
33140
57953
34931
36366
7360
10010
160939
76426
17457
148554
199979
4742
8397
9452
13707
32367
17232
33267
151942
5640
9774
7357
11903
34497
15966
8102
114953
9968
6579
26616
5034
8805
1843
12322
13325
33519
272202
8053
10181
44353
29776
162427
28107
212191
3632
27565
24071
3755
32865
26753
13578
6015
9225
2037
32987
32640
69709
34106
4882
406
27100
4537
148541
4055
26993
1813
29897
1436
35007
23032
161453
1497
10729
32355
30241
26045
30281
81858
17338
25568
13280
36330
7853
1908
7108
25380
29788
10056
161992
7148
11019
28189
102887
29415
3359
8315
8255
27575
18777
253227
159043
27306
246263
11288
197979
4370
34135
29254
31044
163198
3029
13915
30461
10124
30705
60974
160748
7467
5932
161521
5855
7142
7044
4388
11427
8249
26589
7596
27328
9089
157881
972
20051
153336
33995
58892
27063
27454
233830
20192
27206
7872
26640
26294
26132
4002
38182
165323
30790
3014
9163
27348
4666
132347
27278
113466
1704
28262
7576
28360
80763
5202
4556
378
162893
7252
5036
26365
163201
28812
168789
78297
2267
161187
29120
15828
129115
24341
34239
79766
252143
7219
39805
9435
2122
6515
9744
3543
10292
9242
31592
5418
17907
34691
13062
30929
32976
26175
47900
27636
23558
98625
160572
8454
35210
163259
34863
29445
161525
24956
162031
12805
162341
26336
52813
1404
177689
154203
158602
4833
10758
37877
11106
27220
24532
7425
160622
30589
12772
9376
88140
159326
8831
94755
161286
26436
8404
2705
2838
1878
15516
89790
26201
31869
30455
153442
30082
10071
29441
79298
4938
6335
13026
26984
37868
31981
2667
29646
30203
294
778
34887
33306
12467
149612
2330
28337
160488
5961
4357
20062
31958
7372
8417
33628
4646
25913
676
32480
6492
30862
52176
73489
8658
108681
236932
30234
32435
27040
7905
7057
32446
230805
9295
160874
9428
6390
161560
8768
8449
27932
223834
7502
7518
165389
13493
4546
30368
31723
93998
12941
6604
16479
35623
34478
9176
161785
165282
9120
32451
5083
5508
165431
30932
8686
714
31925
8540
6850
33603
29677
153239
5563
246020
214906
6276
143156
162254
3444
161596
31902
161169
13698
33655
29109
409
3518
28606
28404
31134
36074
28098
31362
2503
17687
27216
13466
29682
13800
37892
7505
164295
121739
4059
145465
67305
108212
31216
34540
153950
4232
27698
7816
26992
31212
15725
13115
32265
15037
21277
163066
8233
26422
285
8298
7036
165204
29848
27147
162370
27875
10381
2322
125096
32689
525
162084
35151
4174
17632
32126
98963
8453
29888
35446
19500
10682
138
8619
2554
3956
1835
32325
6306
6132
9255
57877
162039
161106
213418
1957
27364
39578
6612
198949
6778
292
31531
256192
14958
10039
7447
3655
14781
89293
50515
31174
29894
2187
7840
4680
7926
60694
34404
29833
112509
145270
29642
4741
34162
9663
9598
10420
161211
6838
27648
14647
118652
1415
31381
2687
162311
226027
7016
39223
17988
32079
15148
29223
27583
20207
30101
7210
4612
12131
160715
272220
2642
11304
8334
29351
35010
165482
29152
30046
26906
54745
171072
61702
1941
12174
10696
5116
94543
52610
163510
5835
43862
6411
28244
3023
1238
4814
5764
12506
76591
4886
4532
2062
12918
164806
31325
28213
5147
282
4350
30587
32954
64956
16178
35562
26369
11333
27117
10419
13024
11325
10849
28833
9476
2684
153437
9519
162470
13746
11786
160973
5567
43622
26895
131857
112206
6267
153490
32618
4544
28798
7353
6347
31730
17980
7720
32988
154865
87531
35642
923
995
154024
59454
78496
29735
8863
31334
160778
23596
28090
10437
26834
15625
5449
30795
7450
26059
32802
31067
4103
5629
1011
35927
148462
31835
19939
163011
28989
185634
9220
266509
160486
6955
33070
7600
30493
925
3312
160929
3893
3249
3953
6563
14458
27265
5972
6154
148520
31559
26974
22407
29246
9929
1744
161227
7620
19490
36219
11491
8008
162921
45321
33333
11844
28044
53054
11564
11104
4766
136074
33271
186
30804
5401
45155
25554
77439
30250
277279
31367
8894
165423
4217
33362
121755
162350
4842
9737
193852
9939
161800
205784
7727
125102
26798
161048
27365
27753
35323
3608
29806
11991
162201
235758
30111
74866
7520
5936
150644
11218
6375
15572
33180
9126
59521
26965
32341
23502
6964
107656
6728
28785
5564
6875
202255
236015
28808
59474
18248
28623
26281
165390
162971
99
36470
175323
7492
30275
226212
11850
6965
3311
13230
153319
13154
33610
7140
29110
2534
214168
30914
12337
30867
162485
7888
9727
7960
1084
50290
128899
11896
5636
34321
27325
31452
259670
5397
1934
6221
198
87293
13998
26182
25546
16946
15461
165318
7260
8862
7722
29980
13073
727
31498
8262
33009
10846
4927
60722
13274
30252
160452
160518
3115
163215
13981
161193
10716
54240
4643
7084
31412
129898
26930
101490
9461
61389
3936
1300
16510
153461
38179
153300
161466
11646
6010
13341
35434
28692
28428
27334
10159
4622
231567
484
33143
27734
162191
30931
29434
148369
10036
25522
11257
32330
228701
11260
2107
50685
12531
33598
3596
11776
7911
27382
123202
30138
20219
163124
6654
3537
26700
4753
75356
37047
93075
52398
12546
17924
12561
29711
45121
18198
45872
26366
12971
23905
10098
243603
10978
270417
7413
163455
14235
3174
7898
252141
28040
259542
11206
2218
7580
32886
135810
8696
6876
171147
2500
14865
2920
27635
4131
7693
191185
165625
4306
157411
63421
2311
162779
25083
123978
3009
4699
73393
28238
566
25417
26453
3523
31936
65544
10896
165338
6540
4795
30027
36098
75453
147009
6678
32809
7116
5993
13828
10947
36635
6688
36617
89144
27946
22072
273149
32759
17890
161773
28266
35852
10657
34619
33615
1613
34763
53859
32836
16105
3801
17220
9388
148487
161645
9338
7346
29486
30471
152653
15072
25820
279487
7661
41547
5681
32157
4812
66835
161894
13197
257127
91855
9420
35132
27114
229223
125050
26138
9517
33071
5836
161441
13053
28721
34985
15816
244772
7947
6960
27525
13221
163675
7001
33867
146984
28440
97198
29562
38893
8556
27851
148623
27091
3648
3929
36743
162603
9034
146486
78833
6585
39375
24188
13031
23548
23517
10072
11466
31747
551
7625
169498
123296
174207
26617
162011
53292
3777
6237
20098
129566
29892
226103
32450
4713
153317
7714
214334
35275
12691
25552
7859
28264
4837
944
13272
24087
166401
26248
2895
4441
6407
1650
5716
31941
8152
53890
30665
22661
196
162608
2587
257562
28769
40121
11081
3151
158234
8386
15436
28500
36558
26119
14889
33142
11380
118887
29540
16191
12201
51635
9077
271213
165332
64938
9433
28498
8314
5871
18261
3463
20054
5476
2044
226112
8028
17142
57475
15118
15030
32497
34773
153441
12644
1989
10386
33568
28898
51559
162489
24153
57835
30611
5748
6632
32267
2885
33759
3771
27826
31889
6208
153365
35111
5949
8752
28165
25075
27625
34840
92358
14425
161322
196195
33250
38987
9337
6297
8604
35947
162223
33694
3495
53111
162656
65097
6990
3258
273279
26205
6888
30079
116454
35296
8202
157827
66149
161632
2058
10128
3764
162027
174989
10932
18631
30647
161844
8560
165171
148766
26280
6685
16413
10913
9398
196958
82015
28299
14006
31070
228009
55562
153497
50895
78811
6950
40494
161903
32649
10331
165294
80224
57874
10321
27692
31703
5916
147424
11360
28841
7541
27452
7909
162645
35712
2965
34587
23840
6345
165681
12877
165465
36647
14621
10188
28987
256442
5193
34626
26687
53093
40577
17684
20131
169716
19105
162116
120326
165460
2446
1601
4411
9473
88152
13926
5652
6283
8390
193873
12667
12810
132687
57522
13642
244135
9290
153782
3618
53576
4878
6340
161618
32003
27305
5706
1898
163610
20044
161934
162469
157450
9114
1736
18056
28219
29662
172764
108490
9199
5370
8211
158981
15982
10399
229831
10141
181431
2825
6714
163546
31990
18260
247658
30558
32222
34835
41707
35150
153617
132008
31701
8837
226155
13256
6332
31354
165602
25824
10347
4621
43723
30308
119650
5797
27469
29834
169373
6992
28052
10951
29616
7188
33029
6732
1464
883
19112
2620
28479
107820
48647
161711
260126
11127
153523
161807
203169
8755
31801
30973
161678
6420
9649
48412
1419
6769
2790
11864
238957
7902
15049
35787
13462
161899
153278
63063
52534
207665
5258
9108
11320
3211
148836
6046
8500
27002
2925
45323
29455
323
153376
165813
28752
16964
9099
3384
9577
9158
29613
2956
113352
14245
14553
7369
1561
161231
10922
14503
14576
162250
7799
3980
192813
2998
17431
31002
34056
71196
26563
33512
35247
14092
6774
6310
172414
8170
160303
25884
5761
34992
33674
26339
60705
29917
165474
27476
61166
162905
39002
3586
53234
2038
31661
19668
57231
7547
113918
13231
161918
10329
17306
4274
40540
4005
195899
27054
226159
202802
17481
36739
7809
153263
147014
226167
10322
9310
32833
7308
9575
29772
104285
29821
162149
31542
12734
161726
138235
7606
18849
586
78753
13312
154757
226237
60031
25906
19021
8421
38934
3273
29170
166347
3549
3184
6511
27829
206840
226144
2622
115845
5886
7806
32856
88235
31172
9894
28562
30412
154028
34097
2557
32706
150652
37330
28203
11947
115751
26298
70020
57960
55059
269704
33392
4342
23554
176061
164349
28834
50882
57355
9138
5462
31041
3346
8490
11525
712
148442
83947
408
220158
28302
2216
11296
13299
11193
20264
36381
210654
17626
12242
9112
31757
26724
8659
271510
121106
119209
150769
9048
3317
5131
29647
8720
29406
164803
28254
123646
33424
36434
7610
29937
17209
8618
105891
32506
148854
32022
19676
33989
27133
26595
88749
8617
32287
34252
10490
79677
26179
16099
12562
28410
277953
153988
8113
162860
1143
48873
279599
5478
7884
51937
31398
13973
16866
32387
161607
30205
7374
211508
5650
161411
34932
233574
147624
273728
30824
8175
52207
63809
167759
27960
28417
33809
12871
17683
226192
10366
148746
238269
33093
181591
162271
6176
251706
10121
25001
163662
29489
33967
3117
200797
19149
60756
8110
3110
13900
165937
19093
11464
7294
8429
29493
13910
93409
113973
8493
34660
33949
164957
76359
160809
31101
27522
62924
131225
256161
6149
7224
202773
2963
53364
6712
45187
28029
31775
10062
29878
2217
2701
17137
11459
31503
11155
2506
27805
9456
160849
31104
160568
1141
11504
11406
12401
165512
5015
23492
28640
22743
25119
25655
20990
162667
3809
32921
21238
35622
38001
18172
272230
8517
11522
149887
823
38190
165299
3442
161491
165607
13305
5288
161989
19016
184926
5841
13821
17760
98316
8162
57895
29082
7907
2290
4165
30838
5502
10889
13630
34800
29545
38834
4477
30408
68897
148700
32638
29197
2900
215730
108883
21651
11527
10695
66345
6657
221034
19010
5174
6013
7556
30201
26828
6839
165293
31483
153592
28800
165680
15856
153718
626
165362
38148
6916
36075
15741
7203
254211
13367
107939
40664
38025
4627
13785
69
76073
60364
31100
16816
31693
19662
13952
165354
7532
2811
242725
33444
29022
14851
11802
2382
30695
162916
22898
161007
4607
4372
5938
12655
6395
11474
9482
65541
489
10732
9202
3383
15324
11109
5565
25302
16287
1499
26755
1049
36024
18223
31244
3176
6882
12883
4395
6344
163230
12029
13228
5100
32555
1406
26324
30159
35283
9171
6822
32708
10065
267750
446
41517
7097
37024
8569
1261
116053
32008
256443
9582
251478
29749
2252
62363
162336
162390
8278
163523
154312
7704
33091
20966
10425
172008
57220
57036
14202
8547
35648
279109
28136
272199
154167
165392
36692
25117
6321
4311
29065
165272
25270
27051
149383
8669
33675
6081
1953
265765
34032
165187
162317
62772
29608
30599
4636
34560
12774
126792
9116
328
30204
167849
32922
161633
26848
59086
186300
10945
4030
7507
4818
26440
6559
8524
785
32314
13435
8567
174022
12927
6982
19193
4746
28002
108394
16355
9326
6073
42363
7861
15242
34230
154020
11851
30884
28966
26464
32307
148991
18634
33282
61097
53811
166607
8098
50788
4815
161154
147847
12615
34860
3611
2152
31168
32205
7712
29885
69631
1856
9256
89881
4124
12791
164269
226384
34025
7746
28851
39529
6738
9328
233788
21764
160940
7643
34668
226165
19042
29672
254138
31243
17551
2614
20243
115055
3660
51685
25739
174064
14453
107417
4108
161163
262502
57566
13794
142339
16188
20820
12246
279108
4710
30563
8147
84307
11969
7566
11621
31987
23851
21897
159517
1491
32879
10136
93170
18162
5783
65016
13743
6388
12465
194200
591
12673
28824
14448
165330
136994
11479
53168
3716
2483
148390
6503
218282
4585
7732
48306
25599
40357
12906
60781
163035
153429
9111
113091
4929
9042
160663
14300
161402
6374
29856
157774
27929
6789
14463
12038
10228
27409
7777
34574
249885
7617
9491
6278
4804
117234
207541
27834
148414
9514
58071
34606
6671
16903
7945
187989
8813
25074
8420
52712
5285
12175
33626
159126
7752
161440
10367
3063
3481
46829
32564
49188
161846
163437
9976
30621
387
9228
30220
8356
80284
35871
27696
1919
162058
28801
3166
6295
28295
10735
32907
11566
8845
6216
11378
165878
153751
29506
2771
34414
161836
8951
160558
7805
9035
29823
4205
27268
148391
154323
16521
160649
7130
10912
12219
12423
7768
31099
18701
34991
14307
9625
27572
204213
160428
34910
7584
8382
19814
14743
32629
19355
7589
38433
165409
123225
235604
7009
31097
11916
2843
33527
14981
12958
34946
254223
13413
6642
169708
4839
13330
13080
12533
22374
6289
31096
18354
153573
242
14679
10751
9269
165172
29904
26018
34495
272250
85515
54804
6847
32877
16801
8905
260566
214652
7738
153694
88495
61786
32546
37279
32384
169785
4315
154908
6230
8766
35736
205520
30499
6008
187518
9168
20541
153494
29423
162498
129167
90515
6623
29572
5925
28751
11782
8651
5885
35401
9820
172025
86
30
97472
226250
8804
153269
65634
3453
2664
162646
162651
9382
27751
5037
138035
3567
61434
17101
141689
56953
21605
30818
9557
3970
54720
10054
148666
14037
32526
5354
9438
6177
162432
4993
30087
29088
1132
11842
113641
33020
28248
140749
162179
160936
17703
6941
5687
6651
3717
8026
6232
54646
10432
21190
31725
7010
9289
198692
35244
48500
3665
8961
27405
28186
162451
6664
31372
9793
212011
76136
234995
20024
42531
128064
13452
11164
9896
33364
17584
88134
6277
13397
6885
615
7399
7569
32250
27208
183542
6139
75304
31217
27861
31589
6002
3299
5840
176601
2639
6621
8264
20799
160652
11210
7880
31942
7896
12406
32312
60684
30754
1318
27898
11579
9001
171165
9400
11161
165194
7406
77430
26259
154048
5374
6103
166117
11865
21189
129463
29750
108311
4826
29020
30755
27471
29996
26139
7274
160931
56938
71531
2142
3675
5614
4223
165339
4855
32798
32636
10258
27188
172530
1809
22594
176322
26198
27005
32489
9281
45702
29965
8047
175863
5240
31836
11357
15786
9684
226214
107019
27045
210232
141680
9569
1073
5656
9599
15492
28089
2174
122467
32762
154145
82035
34194
51658
12698
6679
7828
50637
171255
14362
128971
2524
6663
28063
19707
11468
32473
602
2931
165314
31034
7388
22954
136126
7352
200149
81619
148812
4747
27852
18537
12501
75830
161714
29122
81228
88798
7045
30606
26080
13844
7561
14558
2345
11133
24733
4834
33513
28028
171962
25233
3613
10971
9789
56863
174310
25090
1516
20353
25528
154809
146992
20867
18064
6228
10385
274489
13375
13292
52126
259169
33579
59027
7804
25889
34651
15286
14122
226136
15721
165353
53278
162111
63268
30950
148419
52896
126111
6359
35070
6517
6056
15604
7745
27979
8809
30464
153359
61454
30005
13313
148642
162424
17702
31750
11855
29098
6934
8655
33
36430
154390
208934
65062
9796
165932
9542
1893
6263
28251
24396
31741
8822
15898
39243
14702
45465
162482
105945
162300
6380
7609
6901
4661
11496
17023
88456
193667
161612
891
33814
86448
62489
162161
13453
28923
32262
30016
15542
6350
147144
98057
22676
62575
3861
162117
35391
97146
44333
14881
37629
144013
3707
177
10177
4101
57735
22763
35031
162150
2860
9032
22603
148505
4040
19693
232853
201941
7058
11530
386
1275
61307
7697
13127
30419
2367
18382
34627
11423
165822
15578
41514
21146
6119
42053
3408
16036
15958
7186
27998
2591
21994
13512
27126
10835
165355
12559
12624
21199
161289
16851
2618
166375
47916
1885
227438
29611
15852
161667
57188
150318
16697
14516
56874
154880
154154
33147
20155
7654
26618
198034
162625
32617
147887
30057
239309
29416
78695
32225
18863
60143
133414
93606
29063
161375
10543
23070
3497
8377
87980
58056
165891
29385
97144
10210
34253
6217
1431
3071
277311
38009
27411
7005
173540
51643
226204
272229
153349
33338
14638
165596
25209
16631
162325
165583
197336
17165
39077
12326
1087
5828
22656
7163
3390
17937
17408
23504
168131
18146
163436
34244
19855
161812
38589
137360
33312
6304
35120
13106
27069
122174
5150
46976
19332
9355
160892
821
161566
153852
10407
6047
10697
3072
9981
26819
17602
9324
153513
35513
16101
34629
30872
9966
35043
9370
263098
28115
32925
6519
10597
163155
153421
32869
165258
29007
32423
35143
157722
11904
97269
91251
23314
206480
97572
35491
162550
28995
31397
7868
9895
244448
27723
52539
33969
160670
29603
161072
32903
197976
28919
27162
9559
171497
161579
26418
33529
14399
28517
3423
15775
161215
14319
231043
8889
11401
7100
9535
153274
58805
4407
10608
8948
30816
204454
28119
33796
3443
163036
162331
118641
38674
169594
31905
198112
259160
165398
34446
6329
153578
50049
113940
56156
6224
165235
36242
29910
162641
70623
59538
222592
29165
254863
3371
143037
6676
8277
272204
32171
31571
128400
8359
39521
161733
13180
33976
27887
27627
227374
9588
33575
26773
226716
27317
2724
194443
167948
197397
2244
129467
58063
107411
32586
50317
161534
43520
31700
11831
9079
162727
26325
9333
33946
545
28420
136352
4191
30314
11921
108129
599
33294
168516
27075
97497
10594
15762
29318
31622
151625
32244
30938
161458
9139
8582
59923
209920
162820
26093
33326
28641
8890
231543
32229
9270
27657
31945
162421
5065
264504
162831
106783
9441
28910
34686
18941
15414
5208
165315
18947
24387
253357
32646
14735
28619
234734
29526
276764
16883
29300
1133
244813
31606
30438
52660
9703
31059
4729
34300
28642
217042
7952
35440
27689
196193
64688
98712
185553
270277
33259
13374
153715
104717
34983
9130
4909
14674
24088
66412
227504
216834
3778
29413
28524
33624
265702
172135
16057
271593
153717
34372
240172
37023
7655
1007
18902
5895
216780
8705
35271
234032
78463
202846
31796
8654
162579
165403
52848
30837
10135
5751
8534
3869
140782
27356
12695
11327
8236
140700
19667
1583
23638
271487
60796
166783
153933
53373
161233
7822
92963
128688
115034
108256
161889
32443
29284
25259
18883
27598
12625
142619
165552
270793
271585
21758
21943
230172
8398
15334
91029
2677
18485
114318
13011
7588
60086
183652
10189
9009
11136
14390
176647
32323
131572
227243
37101
28191
157522
148396
13568
232592
16021
235900
162587
17387
162085
2700
155748
189819
14169
46711
39412
229554
58198
160735
209922
226292
165290
256577
123436
162289
20287
29067
5745
30131
4590
148887
196791
176146
11624
153335
60961
165492
17914
7003
165361
34376
11727
31900
173682
6682
3775
207809
174463
9457
165514
32863
6648
30689
52667
260620
30054
30168
14756
6806
6951
43044
225335
230531
161071
4365
15688
27484
116608
123576
8825
175455
268530
205477
20332
10708
148635
153527
13300
50221
32596
6684
168781
35388
9313
153276
218390
113045
5730
26341
32855
196662
7113
243701
186457
258986
33337
56963
6556
9444
59459
28031
9631
36546
226233
229953
260623
13673
11118
10300
58137
6740
29822
71594
5257
58305
14192
148740
23239
8358
29317
12075
28960
226163
153538
277199
9518
10190
31810
190325
2921
36317
10764
200687
62392
254688
226185
4168
11988
153515
1274
28600
232004
10361
10485
216514
215354
163518
173997
60724
56878
203813
15812
10941
75573
207119
177856
18826
12142
13194
21006
8051
19012
125480
33960
18761
30472
4538
231719
10108
16053
78804
9594
162170
11603
26967
15921
31404
7984
10910
162639
269659
31428
7786
26847
36491
4686
129150
98676
9987
11180
6963
16657
147592
256806
61432
30852
9299
8092
33851
58204
108691
209032
41230
61933
17186
174145
10841
25396
153668
4642
15371
20124
22609
173334
102264
33198
153710
16513
25421
51588
158424
27992
115929
165485
31409
88283
10592
5999
31393
31877
187988
11182
5430
11914
9872
161988
1124
15272
27764
13235
35502
30520
141629
26309
115815
25489
174087
175237
38046
67404
2896
37392
14056
177646
175075
26388
162429
7627
6416
98917
28852
108317
8448
154108
129404
14464
125463
9423
148719
23866
33784
26833
161141
271935
270801
10936
31708
157228
10728
32175
171032
120988
8915
1012
33450
7628
3435
32161
8522
12700
20930
197997
108272
5042
81473
6956
228123
221646
6299
14328
162090
176754
160693
13906
9516
14177
7987
15230
10374
162175
16655
170640
226175
174891
37976
25481
31312
11007
116715
10949
259699
59384
15698
34167
21422
256944
7994
8158
171393
14178
7897
225658
32260
7680
28894
12822
9699
18103
111252
17903
30345
25740
15738
10689
6782
6576
12486
8199
36229
57190
115263
229135
5984
249244
165752
63015
271913
33230
8257
198402
114401
234726
154052
173294
30891
3235
35563
8283
21536
153612
174275
171163
85971
173575
35444
4446
9356
1841
216336
198971
25256
54730
34347
29316
12268
5548
22106
27709
3757
69949
272201
53319
29499
30221
24169
35974
27748
148301
9505
11369
154882
63164
26850
9090
18072
275835
163029
162994
239187
17219
28149
153793
39414
272308
123702
11546
27704
3694
8081
9065
30480
31213
162123
272379
153506
196841
8403
254225
33460
14126
2462
26244
75899
89585
6933
193087
148637
112576
46067
261820
33164
5251
5943
162241
6196
35951
5170
83975
169169
157605
162863
234834
123207
11264
28499
36807
8327
72
161434
6897
18062
38097
163622
47383
226130
5460
39645
119643
76963
5305
31310
278315
55208
30937
158396
34924
161908
3776
238773
159404
5677
30734
7988
160722
13243
32220
8733
16100
11748
162694
25806
169977
117321
51895
212002
54706
259073
32245
175477
200501
271822
29147
31338
9617
18176
29759
28407
2875
148267
40182
16368
257516
35021
142217
25286
31609
32013
45901
145537
273773
58560
5696
5720
25263
3800
248737
17063
5350
148632
32895
6704
124934
11212
257537
153346
206971
4386
259583
260221
30350
26094
199216
7878
32284
6050
34467
138293
195648
3842
8967
15020
3123
1631
53358
6042
650
88936
10950
31612
11041
56142
141240
162005
9232
129503
15225
160476
19902
223087
26873
148791
135682
33515
154876
3472
35221
107343
3162
35528
62398
3203
31376
31210
161077
4383
4796
157341
27449
182702
244628
26638
162861
246086
16531
32832
32381
11740
158170
5376
246826
165683
3225
44818
32136
7685
267549
12114
174807
3838
14736
7875
153426
6582
28870
22187
191836
161741
60440
191798
85551
9903
18210
7498
9908
8662
26513
18048
108390
25960
153874
59128
30342
141832
29516
7280
205699
11383
13934
227375
31476
266628
31924
34790
252255
25378
146276
273219
65738
29872
38092
7325
222744
3370
27582
177730
61714
113570
61700
271776
7614
204303
7870
161189
97961
449
9161
164497
4554
225546
27590
145674
8027
29534
121315
12683
162698
34731
189167
25294
7686
6342
29522
24384
31268
29931
7998
123892
1375
8697
246029
30848
7524
148438
2569
10155
261963
271433
131676
240012
61477
29399
122347
165352
271220
10473
17199
154288
165344
139862
14004
2089
98743
147961
63465
31971
189191
8853
275104
25984
80925
272676
205744
1877
148569
30630
15900
27665
108796
147023
1341
156893
29942
25879
246827
162565
57479
6938
30847
9815
161752
272299
88155
30444
176226
66367
9705
5705
141913
10464
5688
271216
2709
211734
7479
108147
229128
31567
21102
116412
214375
2720
148610
27283
247606
34219
136350
28687
39387
36101
260042
31811
89028
9121
28791
33660
249785
28946
175716
190529
271685
26391
236597
246837
39681
30212
107184
13663
29024
107270
123350
272286
193359
135502
5023